10.9	8.1	6.3	7.2	7.2	11	8	9.5
8	3.8	1.7	2.75	7.4	6.9	2.7	4.8
7.1	-0.2	-2.5	-1.35	7.4	12.9	7.1	10
12.7	10.6	9.8	10.2	7.2	12.8	10.4	11.6
10.9	8.5	5.5	7	7.4	12.4	9.5	10.95
12	6.3	4.3	5.3	7.6	11.6	6.9	9.25
12.6	10.5	8.2	9.35	7.7	12	6.8	9.4
8.4	6.1	4.8	5.45	7.9	9.3	4.8	7.05
6	4	2.4	3.2	7.9	8.2	5.3	6.75
6.7	4.7	3.4	4.05	7.8	13.2	5.5	9.35
12	6.7	4.8	5.75	7.6	9.1	6.6	7.85
11.7	7.5	5.4	6.45	7.6	12.2	7.3	9.75
8.4	7	5.7	6.35	7.7	9.4	5.8	7.6
11.1	5.4	3.8	4.6	7.6	11	5	8
5.2	3	1.6	2.3	7.6	6.8	3.7	5.25
4.5	2.5	1.5	2	7.4	4.5	-1.9	1.3
-1.5	-3.8	-5.7	-4.75	7.2	2	-3.1	-0.55
1	-0.3	-3.3	-1.8	6.8	4.6	0.5	2.55
1.7	-1.4	-4.1	-2.75	6.4	3.3	-0.1	1.6
2.5	-0.6	-4.3	-2.45	6	6.5	0	3.25
1.2	-4.3	-6.8	-5.55	5.7	2.2	-3.5	-0.65
-1.3	-4.3	-7.3	-5.8	5.5	3.3	-1.8	0.75
2.1	-0.3	-1.7	-1	5.2	6.5	-1.1	2.7
-0.2	-4	-6.4	-5.2	5	7.3	-2.1	2.6
4.6	1.4	-0.5	0.45	4.9	9.2	3.8	6.5
5.5	2.4	-1.4	0.5	4.9	8	5	6.5
5	3.5	1	2.25	5	6	3.3	4.65
4.5	3	2.3	2.65	5.2	7.7	4.4	6.05
6.4	4.6	4.1	4.35	5.3	9	5.4	7.2
8.9	5.7	4.3	5	5.5	9.2	4.8	7
8.6	4.8	2.8	3.8	5.7	9.9	6.2	8.05
7	5.8	3.9	4.85	5.8	9.9	7	8.45
8.9	7.2	4.3	5.75	5.8	11.1	8.3	9.7
10.5	9	7.7	8.35	6	12.3	9.1	10.7
9.9	8.1	7	7.55	6.2	9.6	8.3	8.95
9.3	0.3	-3.4	-1.55	6.5	8.1	-1.1	3.5
0.7	-5.1	-7.6	-6.35	6.5	8.4	-2.7	2.85
3.3	-4.1	-7.3	-5.7	6.3	9.4	-2.3	3.55
1.8	-3.5	-7	-5.25	6	8.4	-1.6	3.4
5.4	2.7	-1.6	0.55	5.8	8.6	3.4	6
3.9	-0.5	-3.4	-1.95	5.7	9.9	3.7	6.8
9.5	7.8	7	7.4	5.6	10.6	7.9	9.25
8.2	6.3	5.6	5.95	5.7	8.9	6.9	7.9
7.4	6.1	6.1	6.1	6	9.8	1.8	5.8
4	-2	-4.5	-3.25	6.1	9.7	1.4	5.55
5.2	0.8	-2	-0.6	6.1	12.3	2.9	7.6
8.9	6.3	2.9	4.6	6.1	13.1	8.9	11
12.7	10.3	8	9.15	6.2	15	10.4	12.7
12.2	10.6	8.8	9.7	6.5	14.5	10.9	12.7
10.9	6.1	4.7	5.4	6.9	12.8	7.4	10.1
10.5	6.9	5.3	6.1	7.1	15.1	10.4	12.75
10.9	9	8.6	8.8	7.3	11.1	7.5	9.3
7.7	6.2	5.7	5.95	7.5	10	6	8
6.2	4	2.9	3.45	7.6	8.3	1.9	5.1
8.8	1.6	-3.3	-0.85	7.6	11	5	8
5.1	2.8	0.8	1.8	7.5	6.9	4	5.45
4.2	2.2	-0.3	0.95	7.3	8.4	1.8	5.1
4.8	-0.1	-4.2	-2.15	7.1	7.9	4.2	6.05
5.6	4.1	2	3.05	7	8	5.6	6.8
5.7	4.6	3.9	4.25	6.9	8.2	4.9	6.55
5.4	3.1	2.5	2.8	6.9	7.2	3.9	5.55
4.7	3.6	3.3	3.45	6.9	6.6	3.9	5.25
5.9	3.6	3.2	3.4	6.9	5.8	3.8	4.8
3.9	2	1.7	1.85	6.8	5	3.2	4.1
5.4	-0.2	-4.2	-2.2	6.7	7.9	4.4	6.15
4.4	1.4	-0.5	0.45	6.6	5.8	-2.2	1.8
0.2	-3.9	-5.9	-4.9	6.6	3.2	0	1.6
0.6	-0.1	-0.1	-0.1	6.4	1.9	0.2	1.05
1.9	0.4	0.1	0.25	6.1	5.5	-1.8	1.85
0.8	-3.9	-7.1	-5.5	5.9	6.5	0.7	3.6
9	2.7	2.5	2.6	5.7	13.6	9	11.3
13	10.3	9.2	9.75	5.8	14.2	9.9	12.05
9.9	2.4	1.8	2.1	6.3	8.4	1.7	5.05
1.9	-3.8	-5.6	-4.7	6.6	6.8	0.5	3.65
10.4	6	5	5.5	6.5	12.7	10.2	11.45
10.8	8.6	6.1	7.35	6.6	15.5	9.9	12.7
11.4	8.4	6	7.2	6.9	13.5	9.8	11.65
10.1	5.1	3.1	4.1	7.2	10.4	7.8	9.1
9.3	6	5.8	5.9	7.5	15.5	9.3	12.4
11.7	9.5	8.9	9.2	7.7	14.9	10.3	12.6
11.5	9.6	8.6	9.1	7.9	14.4	10	12.2
10.5	6.4	3.7	5.05	8.2	15	8.3	11.65
9.3	6.2	3.8	5	8.3	13.6	9.2	11.4
9.6	7.8	6.6	7.2	8.4	11.9	5.8	8.85
7.9	5.2	2.5	3.85	8.4	8.6	5.2	6.9
5.5	0.5	-2.1	-0.8	8.4	10.1	4.3	7.2
6	4	2.6	3.3	8.3	8.7	6	7.35
11.6	8.2	6.8	7.5	8.2	14.3	11.1	12.7
12.1	8.9	7.2	8.05	8.2	16	10	13
11.2	9.4	8.7	9.05	8.4	12.3	9.3	10.8
9.4	6.9	6.9	6.9	8.7	9.5	7.4	8.45
7.8	5.6	5.2	5.4	8.8	10.9	2.9	6.9
5.9	-2.2	-5.4	-3.8	8.8	11.7	4.6	8.15
6.2	-2.5	-5.8	-4.15	8.7	13.4	5.9	9.65
9.4	6.2	3.9	5.05	8.6	9.6	8.6	9.1
10.9	8.9	8.5	8.7	8.7	13.5	6.5	10
8.2	0.6	-1.9	-0.65	8.8	14.5	6.6	10.55
8.2	0.8	-1.4	-0.3	8.9	14.2	6.8	10.5
8.2	4	1.6	2.8	9	14.6	8.2	11.4
12.3	9.1	8.4	8.75	9.1	14.2	7.8	11
9.6	3.8	1.9	2.85	9.2	12.3	7.5	9.9
9	3.4	1.3	2.35	9.2	9.6	5.5	7.55
9.2	5.2	4.1	4.65	9.1	11.8	5.4	8.6
6	1	-0.9	0.05	9	10.2	5.9	8.05
7.5	5.7	5.3	5.5	8.9	14.5	7	10.75
11.1	4.7	2.4	3.55	8.9	12.7	9.9	11.3
11.2	9	8.5	8.75	9.1	15.5	6.5	11
9.8	6.4	4.5	5.45	9.3	14	7.8	10.9
10.1	6.4	5.3	5.85	9.5	14	6.6	10.3
10	3.1	0.5	1.8	9.5	14.1	7.7	10.9
8.5	7	6.4	6.7	9.5	12.6	7.6	10.1
9.9	4.3	2.4	3.35	9.6	12.4	9.4	10.9
10	7.7	7.7	7.7	9.6	10.5	8.1	9.3
8.5	3.7	1.6	2.65	9.7	10.2	4.7	7.45
6.7	-0.4	-3.1	-1.75	9.8	11.6	6.4	9
9.1	2.9	2.2	2.55	9.7	11.3	6.7	9
10.4	2.9	0.1	1.5	9.8	11.8	7.3	9.55
9.8	7.2	7.1	7.15	9.8	13	7.3	10.15
14.6	4.8	2.6	3.7	9.8	18.5	12.1	15.3
13.9	10.6	9.5	10.05	9.9	16.3	11.8	14.05
12.2	9.3	7.1	8.2	10.3	16.1	10.4	13.25
11.7	8.3	8.3	8.3	10.6	14	7.9	10.95
11.2	3.5	1.4	2.45	10.8	14.6	7.7	11.15
12.3	3.9	2.4	3.15	10.9	15.4	10.7	13.05
15.3	10.5	9.5	10	11	18.9	12.9	15.9
14.1	10.8	9.2	10	11.2	15.6	13.2	14.4
15	12.8	12.5	12.65	11.4	20.1	14.7	17.4
15	10	7.6	8.8	11.8	15.5	12.1	13.8
15.4	11.9	10.6	11.25	12	17.9	11.6	14.75
14.2	6.2	3.7	4.95	12.2	14.7	11.4	13.05
12.6	8.8	6.7	7.75	12.3	15.4	11.2	13.3
11.8	9.5	8.4	8.95	12.4	13.4	9.7	11.55
9.7	7.8	8	7.9	12.5	14.4	8.5	11.45
10.3	4.9	3	3.95	12.4	19.7	10	14.85
13.2	7.1	5	6.05	12.5	15.6	10.3	12.95
12.7	5.2	1.9	3.55	12.6	16.5	10.4	13.45
12.9	6.3	3.2	4.75	12.7	16.7	12.1	14.4
16	9.2	8.2	8.7	12.7	19.3	13.9	16.6
15	11.3	10.4	10.85	13	17.6	10.9	14.25
12.7	5.1	2.2	3.65	13.2	17.9	9.6	13.75
15	3.7	1.2	2.45	13.4	18.7	11.7	15.2
14.5	7.1	4.6	5.85	13.5	20.8	11.3	16.05
13.2	8.6	6.7	7.65	13.7	18.1	12.1	15.1
15.1	8.7	6	7.35	13.9	20.2	12.5	16.35
14.1	9.8	8.8	9.3	14.1	17.8	13.3	15.55
14.9	8.2	6.7	7.45	14.3	18.9	11.6	15.25
13.6	4.4	1.7	3.05	14.6	21.9	13.5	17.7
16.7	8.7	6	7.35	14.8	19.7	10.3	15
12.6	5.2	1.9	3.55	15	16.1	9.2	12.65
11.9	6.3	2.1	4.2	15.1	15.3	11.4	13.35
11.4	9.4	8.9	9.15	15	12.7	10.4	11.55
10.9	9.4	9.4	9.4	14.8	14.9	10.9	12.9
11.7	9.2	9.2	9.2	14.6	17.5	9.2	13.35
13.1	6.7	4.5	5.6	14.5	19.3	11.5	15.4
11.5	4.6	2.3	3.45	14.6	18.7	10	14.35
11.8	9.8	8.4	9.1	14.8	15.7	11	13.35
11	9.7	10	9.85	14.9	13.1	10.6	11.85
11.4	9.7	9.7	9.7	14.9	17	11.3	14.15
11.5	9.6	9.7	9.65	14.8	18.5	10.6	14.55
14	10.3	9.3	9.8	14.9	20.2	13.1	16.65
17.1	11	10.5	10.75	15.1	29.1	16.9	23
20	13	12.4	12.7	15.4	29.5	19.3	24.4
21.7	15.2	12.6	13.9	15.8	28.9	17	22.95
20.5	12	10.1	11.05	16.4	26.1	15.8	20.95
18.5	7.8	5.3	6.55	16.7	24.1	15.6	19.85
17.5	10.9	8.7	9.8	16.8	24.8	16.6	20.7
20.5	10.5	8.7	9.6	17	24.7	16.5	20.6
17.5	10	7.6	8.8	17.3	22.4	16.5	19.45
17.5	12.8	12.6	12.7	17.4	24.2	16.4	20.3
18.7	13.9	12.4	13.15	17.6	23.7	17.9	20.8
18.8	13	11.8	12.4	17.6	20.7	15.3	18
19.1	12.6	11.4	12	17.6	23.8	18.4	21.1
21.1	13.8	13.1	13.45	17.6	24.5	18.2	21.35
18.5	12.7	11.7	12.2	17.8	23	18.5	20.75
20.8	17	15.2	16.1	18	26.3	19.8	23.05
24	16.4	14.6	15.5	18.2	27.8	17.6	22.7
17.8	11.7	9.9	10.8	18.4	20.8	16.1	18.45
16.2	12.3	9.9	11.1	18.5	18.8	15.7	17.25
19.7	16.5	15.3	15.9	18.4	23.4	15.4	19.4
17.6	13	12.4	12.7	18.3	20	13.1	16.55
15.2	7.8	6.4	7.1	18.3	17.7	15.2	16.45
17.3	15.1	14.6	14.85	18.1	20	14.5	17.25
16.6	11.2	9.5	10.35	18	18.4	14.4	16.4
15.5	10.3	8.7	9.5	17.9	18	12.1	15.05
15.8	9.8	7.6	8.7	17.7	17.5	12.9	15.2
15.2	9.7	7.9	8.8	17.5	18.4	14.9	16.65
16.9	10.5	8.5	9.5	17.4	21.3	16.7	19
20.3	13	10.9	11.95	17.3	27	20.2	23.6
23.1	15.1	13.4	14.25	17.5	25.4	17.6	21.5
17.9	14.8	13.7	14.25	17.8	23.3	15.1	19.2
19	11.1	9.6	10.35	17.9	21.4	16.5	18.95
17.4	14.5	14.5	14.5	17.9	20.7	14.4	17.55
17.3	12	10.1	11.05	17.8	21.5	15.7	18.6
17.7	12.3	10.6	11.45	17.7	21.5	15.3	18.4
15.5	10.7	9.3	10	17.7	17.5	14.7	16.1
18	14.4	13.1	13.75	17.5	20.1	15.9	18
17.5	14	13.7	13.85	17.4	19.5	13.4	16.45
17.9	11.7	10.5	11.1	17.4	21	14.6	17.8
16.3	10.1	8.5	9.3	17.3	17.8	14.1	15.95
16.3	13.9	13.7	13.8	17.3	21.9	14.6	18.25
15.2	7.3	6.2	6.75	17.3	20	13.9	16.95
15.7	9	6.5	7.75	17.3	18.8	13.3	16.05
15.6	13	12.4	12.7	17.2	17.2	14.4	15.8
18.9	15.7	15	15.35	17.1	22.5	14.6	18.55
14.6	11.9	11.8	11.85	17.1	19.6	12.4	16
15.6	9.4	6.9	8.15	17.1	19.2	13.4	16.3
17.4	9	7.4	8.2	17.1	21.4	14.1	17.75
20	14.7	14.1	14.4	17	23.6	17.6	20.6
17.9	14.6	12.3	13.45	17	22.9	17.5	20.2
19.1	14.9	13.9	14.4	17.2	22.2	16.6	19.4
17.8	13.2	11.4	12.3	17.3	19.7	15.4	17.55
17.4	15.9	15.4	15.65	17.3	18.6	15.8	17.2
16.4	13.6	12.7	13.15	17.3	18.9	15.2	17.05
17.3	13.6	13.3	13.45	17.2	21.2	15	18.1
17.6	12.2	10.6	11.4	17.1	21.2	15.5	18.35
16.4	14.1	12.5	13.3	17.2	19.1	14.5	16.8
14.6	11	11	11	17.2	13.6	11.2	12.4
14	8.6	6.2	7.4	17	18.1	13.2	15.65
15.4	10.5	7.4	8.95	16.8	20	13.6	16.8
15.9	9.5	7.2	8.35	16.7	19	14.5	16.75
17.3	9	6.1	7.55	16.6	23.4	17.2	20.3
23	14.3	12.3	13.3	16.6	27.1	22.5	24.8
22.6	18.2	17	17.6	16.9	24.9	19.4	22.15
19.4	14.8	11.5	13.15	17.3	22.1	17.3	19.7
17.5	14.8	14.1	14.45	17.5	21.1	14.6	17.85
17.2	14.6	14.2	14.4	17.6	21.7	15.6	18.65
18	11.2	8.7	9.95	17.5	22.8	15.8	19.3
18.4	9.1	6.3	7.7	17.5	23.8	15.9	19.85
19	14.1	13	13.55	17.5	23.8	14.9	19.35
16.3	14	12.7	13.35	17.7	22.5	16.3	19.4
20	16.8	15.2	16	17.8	24.3	17.6	20.95
18.7	12.6	10.1	11.35	17.9	24.5	18.1	21.3
18.9	11.1	9.3	10.2	17.9	23.8	17.8	20.8
20.4	15.5	13.2	14.35	17.9	23.6	16.7	20.15
17.2	13.2	11.1	12.15	18	24.2	16	20.1
20.2	15.5	14.5	15	18.1	22.9	14.9	18.9
15.9	8.9	5.4	7.15	18.3	19.4	12.2	15.8
14.6	9.2	7.9	8.55	18.2	18.3	14	16.15
15	9.5	7.1	8.3	18.1	17	13.6	15.3
16.6	10.9	7.6	9.25	17.8	17.9	14.6	16.25
16.6	13.1	11.5	12.3	17.6	18.1	12	15.05
14.2	8.8	6.8	7.8	17.4	19	12.8	15.9
14.9	6.2	4.7	5.45	17.2	18.4	13.4	15.9
15.8	13.5	13.3	13.4	17	20.3	15.7	18
17.3	15.3	12.3	13.8	17	23.7	15	19.35
17.9	9.3	7.3	8.3	17.1	25.6	16.1	20.85
20.4	11	8.5	9.75	17.2	28.3	19	23.65
19.2	12.8	9.5	11.15	17.4	28	18.3	23.15
18.3	14.9	13.6	14.25	17.6	27.1	15.8	21.45
20.4	15.4	13.5	14.45	17.8	30.3	20.2	25.25
21	12.7	11.4	12.05	18.1	29.2	17.5	23.35
23.9	15.6	14.1	14.85	18.3	30.9	20.3	25.6
21.4	15.3	14.3	14.8	18.6	25	21.4	23.2
22.1	17.5	16.3	16.9	18.7	23.5	17.6	20.55
17.8	15.4	15.6	15.5	18.8	16.8	13.1	14.95
14.6	7.5	5.9	6.7	18.7	19.1	13.7	16.4
14.8	13.2	12.3	12.75	18.4	17.5	14.5	16
16.6	11.7	10.2	10.95	18.1	22.3	15.4	18.85
15.8	12.5	10.5	11.5	18	19.8	15	17.4
17.1	14.4	13.8	14.1	17.9	21	16.9	18.95
17.5	15.2	15	15.1	17.8	18.8	12.1	15.45
15.7	11.5	10	10.75	17.7	19	15.6	17.3
17.7	15.9	15.1	15.5	17.5	17.8	14.3	16.05
14.4	10	8	9	17.3	17.6	11.3	14.45
12.5	6.3	4.2	5.25	17.1	15.5	11.6	13.55
12.1	9	7.3	8.15	16.9	16.2	10.9	13.55
16.6	11.1	9.2	10.15	16.6	19.7	16.1	17.9
17.4	13.9	12.3	13.1	16.4	20.2	14.6	17.4
14.8	11.5	10.3	10.9	16.4	19.7	13.2	16.45
14.6	11.2	9.2	10.2	16.4	19.5	14.6	17.05
16.8	14.1	12.7	13.4	16.3	16.8	14.4	15.6
15.5	11.9	10.3	11.1	16.2	18.8	12.5	15.65
13.2	8.1	6.8	7.45	16.1	16.3	13.2	14.75
19	14	13.3	13.65	16	20.5	17.7	19.1
17.7	12.1	10.8	11.45	16	17.2	12.2	14.7
13.5	10.3	9.1	9.7	16.1	16.7	12	14.35
13.1	11.1	9.7	10.4	16.1	17.6	13.1	15.35
14.2	12.3	11.4	11.85	15.9	17.1	14.2	15.65
16.6	14.5	13.7	14.1	15.8	20.6	16.6	18.6
17.8	14.8	13.7	14.25	15.7	23.8	16.6	20.2
18.1	10.9	8.6	9.75	15.8	22.5	13.4	17.95
18.2	14.9	13.9	14.4	15.9	22.7	16	19.35
16.6	11.6	10.1	10.85	16	21.1	16	18.55
17.5	16.1	15.1	15.6	16	18.6	10.4	14.5
11.1	8.4	7.1	7.75	16.1	13.2	9.5	11.35
15.2	11.7	11.7	11.7	16	16.3	8.4	12.35
9.3	7.5	6.1	6.8	15.8	11.9	7	9.45
7	1.9	-1	0.45	15.5	11.3	4.1	7.7
4.4	1	-0.5	0.25	15	10.9	3.8	7.35
9.1	4.8	2.7	3.75	14.5	14.3	9	11.65
11.1	9	7.9	8.45	14.1	14.8	10.9	12.85
15.5	12.3	11.7	12	13.9	18.3	14.8	16.55
15	12.8	12.5	12.65	13.9	12.9	10	11.45
10.1	9.2	9.1	9.15	14	11.4	7.5	9.45
8.6	4.7	2.9	3.8	14	12.7	8.5	10.6
9.2	3.9	1.9	2.9	13.7	13.9	6.9	10.4
10.8	9.6	8	8.8	13.5	12.3	6.7	9.5
8.8	5.7	3.7	4.7	13.4	11.8	6.2	9
9.6	5.9	4.3	5.1	13.3	13.9	8.2	11.05
9	5.8	4.7	5.25	13.2	11.4	8.4	9.9
9.9	5.7	4	4.85	13	14.8	9.9	12.35
11.6	9	7.9	8.45	12.9	13.8	10	11.9
10.7	8.9	7.3	8.1	12.8	14.5	8.9	11.7
9.6	8.6	7.6	8.1	12.7	12.9	8.6	10.75
13.2	9.4	7.4	8.4	12.7	14	7.4	10.7
10.4	7.3	6.5	6.9	12.7	11.6	8.9	10.25
9.5	7.3	6	6.65	12.5	12.7	8.4	10.55
8.5	5.2	3.6	4.4	12.4	8.1	6	7.05
8.6	7.5	6.6	7.05	12.1	12	8.1	10.05
8.8	6.7	4.7	5.7	12	12.4	7.9	10.15
8	6.1	5	5.55	11.8	12.3	7.1	9.7
10.4	7	5.2	6.1	11.6	12	6.8	9.4
7.9	6.7	4.9	5.8	11.4	10	6.7	8.35
7.1	4.6	2.7	3.65	11.2	9.7	4.8	7.25
5.5	2.5	0	1.25	11	11.1	2.9	7
3.3	-0.4	-1.8	-1.1	10.8	8.8	2.5	5.65
13.3	7.8	6.7	7.25	10.5	13.8	10.6	12.2
11.3	9.1	8	8.55	10.4	11.8	9.5	10.65
10.1	8.1	6.6	7.35	10.5	11.3	7.3	9.3
7.3	2.3	1.1	1.7	10.5	7.2	4.5	5.85
6.6	2.8	0.3	1.55	10.3	10.5	5.1	7.8
12.1	6.6	5.1	5.85	10.1	14.7	12.1	13.4
12.6	10.5	9.2	9.85	10.1	13.4	11.1	12.25
11.7	7.8	6.2	7	10.2	11.3	8.2	9.75
10.7	8.8	8.5	8.65	10.3	9.7	6.5	8.1
7	5	3.7	4.35	10.4	11.9	7	9.45
12.9	11.3	10.1	10.7	10.3	13.8	9.7	11.75
10.3	6.7	5.6	6.15	10.4	7.2	2.4	4.8
2.7	-1.5	-4.4	-2.95	10.3	6.3	-0.7	2.8
-0.3	-1.5	-2.9	-2.2	9.9	4.6	-0.3	2.15
5.3	4.5	4.1	4.3	9.4	5.9	4	4.95
5.6	4	2.5	3.25	9.2	6.8	2.3	4.55
2.6	-2.7	-5.1	-3.9	9	4.2	-2.2	1
0.6	-3	-5.2	-4.1	8.7	4.1	-0.8	1.65
-0.7	-2.5	-5.5	-4	8.2	1.1	-1.8	-0.35
0	-3	-2.3	-2.65	7.8	-0.5	-2.8	-1.65
1.3	-1	-2.3	-1.65	7.4	2.5	1.2	1.85
4.9	1.6	1.4	1.5	7.1	4.9	4.5	4.7
5.3	4.6	4.3	4.45	6.9	6.2	1.8	4
2.3	-2.7	-4.7	-3.7	7	3.5	-2	0.75
5.9	2.6	-0.9	0.85	6.9	6.8	5.6	6.2
7.6	5.4	3.5	4.45	6.8	9.7	7	8.35
8.5	6.5	5.3	5.9	6.9	12.3	8.4	10.35
10	6.6	4.9	5.75	7.1	9.8	6.6	8.2
10.9	8.5	7.1	7.8	7.3	10.2	5.1	7.65
8	5.1	2.8	3.95	7.4	9.3	7	8.15
7.9	6.3	5.7	6	7.6	6.7	2.8	4.75
4.2	-0.1	-2.1	-1.1	7.7	8.6	4.2	6.4
7.8	6.6	5.4	6	7.6	9.1	7.2	8.15
9.5	7.9	5.7	6.8	7.6	11.8	9	10.4
10.1	9.1	6.7	7.9	7.6	10.6	9.3	9.95
10.4	9.7	8.8	9.25	7.8	12.8	10.1	11.45
12.8	9.1	8.6	8.85	8	9.5	6.7	8.1
8.9	6.5	5	5.75	8.2	10.3	8.3	9.3
13.1	10	9.2	9.6	8.3	13	9.1	11.05
10.8	8.4	7.8	8.1	8.4	11	9.5	10.25
10.6	9.2	8.2	8.7	8.5	11.8	9.7	10.75
13.5	10	9	9.5	8.6	14.7	11.7	13.2
11.9	9.6	7.8	8.7	8.7	11.3	9.4	10.35
9.7	6.7	5.2	5.95	8.9	7.6	4.1	5.85
9.5	4.5	2.5	3.5	8.8	12.7	8.9	10.8
11	7.6	6.2	6.9	8.6	10.6	8.9	9.75
9.3	6.5	4.8	5.65	8.6	8.6	5.2	6.9
5.9	4	1.8	2.9	8.5	11.7	5.2	8.45
9.8	5.2	3.6	4.4	8.3	8.3	6	7.15
